[DX11_BUFFER_DETECTION]
DepthBufferRetrievalMode=0
DepthBufferTextureFormat=0
ExtendedDepthBufferDetection=0
DepthBufferClearingNumber=0

[GENERAL]
ScreenshotPath=C:\Users\Public\Pictures
ClockFormat=0
PerformanceMode=1
ScreenshotIncludePreset=0
EffectSearchPaths=.\reshade-shaders\Shaders
NoFontScaling=1
TextureSearchPaths=.\reshade-shaders\Textures
PreprocessorDefinitions=RESHADE_DEPTH_LINEARIZATION_FAR_PLANE=1000.0,RESHADE_DEPTH_INPUT_IS_UPSIDE_DOWN=0,RESHADE_DEPTH_INPUT_IS_REVERSED=0,RESHADE_DEPTH_INPUT_IS_LOGARITHMIC=0
CurrentPreset=0
PresetFiles=.\familiar.ini
ScreenshotFormat=0
TutorialProgress=4
ShowFrameTime=0
NoReloadOnInit=0
ShowClock=0
ShowFPS=0
SaveWindowState=0
NewVariableUI=0

[INPUT]
InputProcessing=1
KeyScreenshot=0,0,0,0
KeyReload=0,0,0,0
KeyEffects=123,0,0,1
KeyMenu=123,0,1,0

[STYLE]
FrameBgActive=0.083262,0.078630,0.088398,1.000000
GrabRounding=6.000000
ButtonActive=0.375690,0.375687,0.375691,1.000000
HeaderHovered=0.400000,0.368627,0.431373,1.000000
Alpha=1.000000
HeaderActive=0.267742,0.242667,0.292818,1.000000
FPSScale=2.000000
FrameRounding=6.000000
ScrollbarBg=0.152941,0.133333,0.172549,1.000000
CheckMark=0.911602,0.722692,0.443210,1.000000
WindowRounding=6.000000
ScrollbarGrabActive=0.560784,0.509804,0.611765,1.000000
PopupRounding=6.000000
ChildRounding=6.000000
ScrollbarRounding=6.000000
Tab=0.000001,0.000001,0.000001,0.752941
TabRounding=6.000000
TitleBgCollapsed=1.000000,0.000000,0.961327,0.278431
ColFPSText=1.000000,1.000000,0.784314,1.000000
ResizeGripActive=1.000000,0.000000,0.000000,1.000000
EditorStyleIndex=0
ResizeGripHovered=1.000000,0.000000,0.000000,0.780000
Font=C:/Windows/Fonts/simhei.ttf
FontSize=13
ResizeGrip=1.000000,0.000000,0.000000,0.200000
EditorFont=C:/Windows/Fonts/simhei.ttf
Separator=0.662983,0.535693,0.391929,0.882353
EditorFontSize=13
StyleIndex=4
ScrollbarGrabHovered=0.560226,0.511614,0.613260,1.000000
ChildBg=1.000000,0.999990,0.999990,0.000000
PopupBg=0.253159,0.221300,0.276243,1.000000
TabActive=0.984314,0.803922,0.396078,0.882353
Text=1.000000,0.999999,0.999990,1.000000
WindowBg=0.151868,0.132475,0.171271,0.928177
TextDisabled=0.441985,0.402552,0.464088,0.806630
Border=0.326238,0.298892,0.353591,1.000000
SeparatorHovered=0.984314,0.803922,0.396078,0.882353
NavWindowingDimBg=1.000000,0.430939,0.430939,0.878453
BorderShadow=0.095233,0.079973,0.110497,1.000000
Button=0.345406,0.315497,0.375691,1.000000
FrameBg=0.230971,0.207808,0.254144,1.000000
ButtonHovered=0.508285,0.508282,0.508287,1.000000
FrameBgHovered=0.276057,0.242728,0.309392,1.000000
Header=0.399987,0.369036,0.430939,1.000000
TitleBg=0.216233,0.189371,0.243094,1.000000
DockingEmptyBg=0.377734,0.341107,0.414365,1.000000
TitleBgActive=0.338466,0.306767,0.370166,1.000000
MenuBarBg=0.519337,0.157810,0.193763,1.000000
DragDropTarget=0.218797,0.000000,0.707182,1.000000
PlotHistogramHovered=0.300846,0.309833,0.707182,1.000000
ScrollbarGrab=0.521491,0.479473,0.563536,1.000000
SeparatorActive=1.000000,0.901731,0.679558,0.882353
NavWindowingHighlight=0.152941,0.133333,0.172549,1.000000
NavHighlight=0.552303,0.502396,0.602210,1.000000
SliderGrab=0.480658,0.480659,0.480663,0.955801
TabUnfocused=0.537255,0.274510,0.274510,1.000000
TextSelectedBg=0.452822,0.941176,0.392157,0.756906
SliderGrabActive=0.300711,0.283599,0.314917,1.000000
PlotHistogram=0.237569,0.237568,0.237567,1.000000
TabHovered=1.000000,0.891564,0.646409,1.000000
TabUnfocusedActive=0.751381,0.357010,0.357010,1.000000
DockingPreview=0.839775,0.839771,0.839779,1.000000
PlotLines=0.984314,0.803922,0.396078,1.000000
PlotLinesHovered=0.984314,0.803922,0.396078,0.762431
ModalWindowDimBg=0.436464,0.436460,0.436460,0.350000

[DX9_BUFFER_DETECTION]
DisableINTZ=0

